0.000000000000000000e+00
4.899999999999999911e-01
0.000000000000000000e+00
0.000000000000000000e+00
4.570000000000000284e+00
5.000000000000000000e+00
5.000000000000000000e+00
5.000000000000000000e+00
5.000000000000000000e+00
6.199999999999999956e-01
0.000000000000000000e+00
0.000000000000000000e+00
5.400000000000000355e-01
0.000000000000000000e+00
5.400000000000000355e-01
5.000000000000000000e+00
5.000000000000000000e+00
5.000000000000000000e+00
5.000000000000000000e+00
5.000000000000000000e+00
0.000000000000000000e+00
0.000000000000000000e+00
0.000000000000000000e+00
2.700000000000000178e-01
0.000000000000000000e+00
2.189999999999999947e+00
5.000000000000000000e+00
5.000000000000000000e+00
5.000000000000000000e+00
5.000000000000000000e+00
3.490000000000000213e+00
0.000000000000000000e+00
0.000000000000000000e+00
2.500000000000000000e-01
0.000000000000000000e+00
0.000000000000000000e+00
4.530000000000000249e+00
5.000000000000000000e+00
5.000000000000000000e+00
5.000000000000000000e+00
5.000000000000000000e+00
1.250000000000000000e+00
0.000000000000000000e+00
0.000000000000000000e+00
5.799999999999999600e-01
0.000000000000000000e+00
3.499999999999999778e-01
5.000000000000000000e+00
5.000000000000000000e+00
5.000000000000000000e+00
5.000000000000000000e+00
5.000000000000000000e+00
0.000000000000000000e+00
0.000000000000000000e+00
0.000000000000000000e+00
2.600000000000000089e-01
0.000000000000000000e+00
1.770000000000000018e+00
5.000000000000000000e+00
5.000000000000000000e+00
5.000000000000000000e+00
5.000000000000000000e+00
3.750000000000000000e+00
0.000000000000000000e+00
0.000000000000000000e+00
1.499999999999999944e-01
5.000000000000000278e-02
0.000000000000000000e+00
4.000000000000000000e+00
5.000000000000000000e+00
5.000000000000000000e+00
5.000000000000000000e+00
5.000000000000000000e+00
1.709999999999999964e+00
0.000000000000000000e+00
0.000000000000000000e+00
6.999999999999999556e-01
0.000000000000000000e+00
1.000000000000000056e-01
5.000000000000000000e+00
5.000000000000000000e+00
5.000000000000000000e+00
5.000000000000000000e+00
5.000000000000000000e+00
0.000000000000000000e+00
0.000000000000000000e+00
0.000000000000000000e+00
4.400000000000000022e-01
0.000000000000000000e+00
1.330000000000000071e+00
5.000000000000000000e+00
5.000000000000000000e+00
5.000000000000000000e+00
5.000000000000000000e+00
4.339999999999999858e+00
0.000000000000000000e+00
0.000000000000000000e+00
0.000000000000000000e+00
0.000000000000000000e+00
0.000000000000000000e+00
