0.000000000000000000e+00
0.000000000000000000e+00
0.000000000000000000e+00
5.100000000000000089e-01
0.000000000000000000e+00
1.669999999999999929e+00
5.000000000000000000e+00
5.000000000000000000e+00
5.000000000000000000e+00
5.000000000000000000e+00
3.790000000000000036e+00
0.000000000000000000e+00
0.000000000000000000e+00
2.700000000000000178e-01
0.000000000000000000e+00
0.000000000000000000e+00
3.899999999999999911e+00
5.000000000000000000e+00
5.000000000000000000e+00
5.000000000000000000e+00
5.000000000000000000e+00
1.860000000000000098e+00
0.000000000000000000e+00
0.000000000000000000e+00
8.199999999999999512e-01
0.000000000000000000e+00
1.700000000000000122e-01
5.000000000000000000e+00
5.000000000000000000e+00
5.000000000000000000e+00
5.000000000000000000e+00
5.000000000000000000e+00
0.000000000000000000e+00
0.000000000000000000e+00
0.000000000000000000e+00
5.100000000000000089e-01
0.000000000000000000e+00
1.320000000000000062e+00
5.000000000000000000e+00
5.000000000000000000e+00
5.000000000000000000e+00
5.000000000000000000e+00
4.230000000000000426e+00
0.000000000000000000e+00
0.000000000000000000e+00
0.000000000000000000e+00
2.300000000000000100e-01
0.000000000000000000e+00
3.270000000000000018e+00
5.000000000000000000e+00
5.000000000000000000e+00
5.000000000000000000e+00
5.000000000000000000e+00
2.370000000000000107e+00
0.000000000000000000e+00
0.000000000000000000e+00
8.000000000000000444e-01
0.000000000000000000e+00
0.000000000000000000e+00
5.000000000000000000e+00
5.000000000000000000e+00
5.000000000000000000e+00
5.000000000000000000e+00
5.000000000000000000e+00
0.000000000000000000e+00
0.000000000000000000e+00
0.000000000000000000e+00
6.300000000000000044e-01
0.000000000000000000e+00
1.040000000000000036e+00
5.000000000000000000e+00
5.000000000000000000e+00
5.000000000000000000e+00
5.000000000000000000e+00
4.650000000000000355e+00
0.000000000000000000e+00
0.000000000000000000e+00
0.000000000000000000e+00
4.400000000000000022e-01
0.000000000000000000e+00
2.910000000000000142e+00
5.000000000000000000e+00
5.000000000000000000e+00
5.000000000000000000e+00
5.000000000000000000e+00
2.740000000000000213e+00
0.000000000000000000e+00
0.000000000000000000e+00
6.300000000000000044e-01
0.000000000000000000e+00
0.000000000000000000e+00
4.990000000000000213e+00
5.000000000000000000e+00
5.000000000000000000e+00
5.000000000000000000e+00
5.000000000000000000e+00
3.599999999999999867e-01
0.000000000000000000e+00
0.000000000000000000e+00
6.999999999999999556e-01
